500
213692341
113930810
524850620
753863779
684953161
212211275
672138552
305662495
911377224
976687299
585842896
760057285
34529641
112356362
1840199
446466501
814895467
278429493
739068898
471470242
527600441
480616886
262631872
732408530
18092575
245508318
589996538
578062904
162101945
886409837
382299493
638607033
387264027
939951935
975286089
699893642
190963213
620770351
246101403
129285873
68287529
377037098
685006663
553621206
215358235
954560022
652457587
546431928
554940394
714040317
996196723
242863306
563835466
366984857
403803965
318295930
663681237
91244609
376043495
823933420
235753383
295715199
609259670
925214244
788847040
709696498
587489654
797140472
396514319
881690476
598605889
371802111
507011238
137755870
334813686
413977093
1688183
262506644
760740463
202654211
103884138
103002044
544700108
618394518
659479101
433360090
524450990
260896179
637952039
814493367
992539981
688383518
587832088
838155487
376851993
672722798
594605962
950566772
437847158
115128236
590695423
735744687
472271932
569239626
809650682
631288688
789695862
997586809
217388629
720455469
870614199
570156051
138185378
995152933
399894301
769130844
13314649
739263362
371525989
563640483
38101545
726927312
698068734
277340328
792592863
232368748
518731304
924691007
888192502
86465612
595888065
87950757
927837648
216371350
823368837
752032531
205445554
238524442
99340556
836802107
17532062
988664059
263866042
285794379
143070442
192025235
47182323
927742132
45588337
755382205
147341779
204751796
320645106
466816118
783718870
303805830
214474550
913372872
416849503
609303587
728410664
227118503
831647254
140717085
788730415
175032794
544680672
629649729
910501593
683249431
352010705
654550554
844482009
549896667
64289644
185454681
145692704
855646376
991762070
427803005
100147873
753763197
217749410
782012857
789795667
942228131
664847675
993395845
839966709
234774577
97110965
120860432
344523894
329152601
350702329
658767062
249001035
953162929
921288837
698953427
474872906
362537561
22936958
366072444
240609986
787127209
131931704
958630221
266714048
680192218
963606454
557682695
530699243
439224535
626565845
354695420
889650721
609089367
775180792
287326321
888350890
422397266
208112143
505850875
194045913
88401956
995860795
897655131
187056993
552164444
337249282
287989556
94332117
272242127
854746246
137130286
14172646
446068102
454067584
515295802
332247584
289247740
160280621
943756899
76698390
647002521
192440110
489879723
667854509
336049606
572316165
812974996
819191582
345145037
556238062
234712705
210162696
939096281
687576656
903146889
175384518
884047503
681227604
65084481
484020006
178210523
651292076
911679843
918576913
373741433
822253870
267359011
687948614
232169933
485212080
483842936
526690306
687610551
116754644
360443570
936463128
290245451
806288920
537526842
317093177
887850885
889708333
769339652
691689932
548083025
742335692
24450082
810128513
589315271
512567371
583429030
641069455
935510504
539040060
454157813
582381878
125488042
71706946
481485886
371796262
604037200
436828294
800055762
285424361
196196534
75971170
167159467
479085132
445900393
454476286
967362513
392976866
669270110
110170569
160762457
596064990
175201091
550229539
815170517
219126065
377799031
309672370
830592709
402682273
45849978
999323807
938557150
943254114
115456451
791576283
350836714
502278960
184778686
327127593
32330943
97768737
726905603
338997332
607950331
76311819
773572855
464044488
313448118
976345344
535234496
5049059
325086970
749720744
621525682
317264117
552869572
177603387
803602602
539640809
20056110
269971525
700290021
349006957
31958615
755994659
699746605
327205482
481906221
504330954
504419746
125601398
234058519
77826394
114253313
68233373
476372897
731683695
585963561
388243726
349337587
755484724
891587198
715775574
656611186
596339902
232141896
143945460
931497334
9777896
908963349
426571434
551313405
178962475
114293139
872471087
715175489
199508577
250787599
676724061
860995492
468214625
585603119
991477954
452211973
179648197
975647960
332688145
916232671
419818900
7408801
453418509
273564624
883708483
809373758
686166985
79962288
220598184
587894020
185011381
760979651
905571005
364741113
965122880
405550401
634827358
905806740
783172912
448249455
917554585
423008667
472619642
928137081
649073995
850908056
149794082
551198933
200806657
820592429
869350824
694435548
638736344
238825616
877011573
745946307
176985644
970816311
840653751
92699753
139339901
212087592
490824471
174821867
388704561
267547361
362583338
919518285
457729368
361525565
671156701
912104234
177987808
681996755
321883086
745856892
756879646
873313325
374926776
39434846
508756290
433364394
343740296
456274929
825793879
436942464
361131577
786672578
304779842
452384792
670238330
300568827
645438669
681486416
108509668
504636013
430232999
311120941
863057967
889459067
689903838
452248033
525236874
761176847
96172885
52351265
148602212
524219449
185816506
924834917
771209457
841243265
641997469
844520457
569837019
956452518
762051778
696809313
730961542
786145659
133471260
230760949
832959090
54921802
901763342
98187895
988595719
768408436
904532599
175457619
252399821
363158254
483537333
728494240
916867454
673096817
651053358
684345283
620514455
859702238
98053567
397029542
354818904
437303718
98069191
204879068
141969672
510786126
464126815
314379796
530199152
584218095
188268554
862341911
561404092
558103458
256800980
506542167
418402886
472934301
383187455
9268180
583007508
145780280
280342606
684979263
283681381
40751661
115753612
945535766
149918175
667927204
937357529
674401564
813210856
617655563
192967401
213802962
446008345
347381220
811355701
146480037
395151518
941544059
922053825
499845697
375988629
140681776
310401169
104285234
34703221
569924282
100044201
42763294
958339573
349474869
273516698
284328174
270945942
252110870
659190038
99986997
58479626
393082790
742454236
254543553
807128447
786099463
683969017
22357480
976496265
575336976
348025529
309827869
396086630
206174749
670709923
257461274
26670881
864385000
130632793
520624371
476095420
862724078
102406806
705496605
4350820
542245714
179352297
667664046
339913950
794789955
701704770
122565012
191963817
945810601
80570975
961417935
42699088
751201416
153240624
263132915
368115099
456270143
604546847
329883181
830549324
394122112
867454702
402286657
698073974
906173150
992336009
282080378
528196418
419405240
527335783
695828921
316997672
550342076
395212304
717335688
997213210
703694174
590698258
668421140
244552661
690327092
91798620
42197633
819768325
963871023
644035042
717446870
32759903
120709875
626999583
292382710
721280224
401080130
28212353
211457178
52162843
721803652
6122842
486828185
925506423
417424922
60082594
915720264
333234017
827776483
755396380
708958116
668861485
702903361
243687902
342363680
601066171
815827092
220116854
625383167
657804879
510186013
825389149
986629331
972493553
762643023
866601324
404639983
796125444
221877791
973969883
665758122
554255453
432475023
789709668
942333407
988002468
580394690
707740388
776928511
529427223
591452104
68144937
73511316
65258020
256472899
138801821
73421473
197504568
523192230
231987942
911729840
160528000
919143634
124420567
107467809
38894407
93438368
34903168
450566832
250192917
328303632
770685635
995497400
770043199
438388806
160586421
948445228
288773000
355208397
82298517
843106631
414017600
321429223
886270161
297377198
961828267
876564603
51079285
482539362
765593609
826010637
854376024
513682068
896247120
550320468
211826034
32514055
672233756
3397001
971355006
144368791
202381140
968171675
360010069
30056320
872775295
528404188
357174549
331017909
22840385
224643535
586833735
174970844
214988037
135274048
226680331
768512660
401646584
74143954
444370413
860894261
141752870
941791135
791675805
143928784
912561947
696556442
11950159
713136126
397620170
564665065
639646474
172395129
290813300
306701088
962791914
670509077
259699500
933224241
215632357
659700529
590820868
338164646
946903818
359915705
43989021
227595989
451688555
283892400
123383305
239563628
294307865
780704651
291272856
628375246
875259248
44487356
636288820
884644126
271915967
860213822
590943457
567956788
767107568
448796782
587021587
69713972
276990080
359338925
19234232
466570518
74962662
89106140
954785475
698490639
830053020
635699569
998202822
17371815
31804795
487200434
438726669
412905521
651062156
761184014
292640589
277233333
933163164
609986890
13587136
973186536
592840241
306416815
132489971
453623789
947124646
15282337
159506080
824260330
955399727
552512724
649669745
438877625
720841550
5979626
907796542
694715594
368162589
440639345
946578875
682344399
517924989
431734128
41192549
257624198
191761857
33968261
142571369
351567775
844138241
510379739
87038389
786118708
144160216
372540586
202586860
678656200
123287153
445463300
267244838
366423663
205496768
654215609
478854541
6133417
176845942
277689888
199370847
909168959
814912187
489016850
553154841
323592511
384143400
593767230
810061409
309686069
794887570
988441158
88049785
683995662
581052304
403382719
357474867
345733570
790250994
196765692
519118355
575313422
140510311
640513769
428595701
927991165
633392228
336520507
315103
130897824
472842266
334176658
22504809
43811630
867208134
918984664
415954421
41363510
658968156
811022307
908595712
360948416
359631558
413184840
935158536
557859011
434769248
23829472
465034502
823921161
494802607
663115031
39800868
877514182
939286727
419903235
775792909
594314011
69559070
598875150
56814135
321601186
164177251
974691821
476578401
687017166
303383266
370881588
164697848
139048501
102219001
409838610
110257780
145508939
508469138
107122215
636979911
176957259
896029266
867115471
173287365
486804060
597755516
375120792
493032488
373679132
400815069
260607985
586004768
187230484
845321629
230196050
746246351
128973768
116197852
902043861
876311794
787173145
985941892
56618584
973950878
404647647